 R, Z :    10.477250991429608      -0.29500167989366999     
 jacobian:   0.78312407971292897     
 metric:    2.9372534415629363E-002   4.2281139781739717E-002 -0.11217760040689168     
   4.2281139781739717E-002  0.25106916505134408      -0.13276065439316712     
 -0.11217760040689168      -0.13276065439316712        110.20554497954974     
 jac der:    2.0762425133087126E-002  -6.1221178097705872E-004  -8.4713573856860513E-002
 dgij (s):   -2.2255615135917114E-002   1.7353006950514283E-006   8.3530039689046678E-003
   1.7353006950514283E-006  0.19549338900097873       -7.9287608642688107E-002
   8.3530039689046678E-003  -7.9287608642688107E-002   3.0558666608206293     
 dgij (t):    3.2288041673008055E-002   1.6130882469100799E-002  -3.3653009688933477E-002
   1.6130882469100799E-002 -0.22682862660918776       0.57597468403399121     
  -3.3653009688933477E-002  0.57597468403399121       -1.7978894024532595     
 dgij (z):   -6.8253679850892021E-002  -1.2126083417968982E-002   7.2551827020133575E-002
  -1.2126083417968982E-002  0.52731724953171055       -1.5417372076366080     
   7.2551827020133575E-002  -1.5417372076366080       -11.487039239872168     
 modB:    7.4443755570909723E-002
 modH:    9.5059975167918073E-002
 B:    2.7649627065876063E-003   1.8727478034105152E-002   6.3100004277764909E-002
 H:    3.5306827847780687E-003   2.3913806916740592E-002   8.0574721059395310E-002
 dB:   -1.0045733679814640E-003   1.2781365382950322E-002   4.8549841914783211E-002   6.9105222330734619E-004  -1.0167750335013891E-003   7.9664911735463320E-005  -1.3581165496380002E-002   8.5135987430419793E-003   2.0213484014828514E-003
 A:    0.0000000000000000        4.0986832020251336E-002   1.4175418575125135E-002
